{
    "fl_x": 1137.7777777777778,
    "fl_y": 1137.7777777777778,
    "k1": 0.0,
    "k2": 0.0,
    "p1": 0.0,
    "p2": 0.0,
    "cx": 512.0,
    "cy": 512.0,
    "w": 1024.0,
    "h": 1024.0,
    "aabb_scale": 1,
    "frames": [
        {
            "file_path": "images_train/0000.png",
            "transform_matrix": [
                [
                    -0.07180345058441162,
                    0.9520776271820068,
                    -0.29730862379074097,
                    -0.5946172475814819
                ],
                [
                    -0.9974188804626465,
                    -0.06853937357664108,
                    0.021403029561042786,
                    0.04280605912208557
                ],
                [
                    -1.862645371275562e-09,
                    0.2980779707431793,
                    0.9545415043830872,
                    1.9090830087661743
                ],
                [
                    0.0,
                    0.0,
                    0.0,
                    1.0
                ]
            ]
        },
        {
            "file_path": "images_train/0001.png",
            "transform_matrix": [
                [
                    0.8810452222824097,
                    -0.2696560025215149,
                    0.388645201921463,
                    0.777290403842926
                ],
                [
                    0.47303223609924316,
                    0.5022472143173218,
                    -0.7238703370094299,
                    -1.4477406740188599
                ],
                [
                    1.4901162970204496e-08,
                    0.8216040730476379,
                    0.5700584650039673,
                    1.1401169300079346
                ],
                [
                    0.0,
                    0.0,
                    0.0,
                    1.0
                ]
            ]
        },
        {
            "file_path": "images_train/0002.png",
            "transform_matrix": [
                [
                    0.49712127447128296,
                    -0.04616858437657356,
                    0.8664519190788269,
                    1.7329038381576538
                ],
                [
                    0.8676812052726746,
                    0.026451407000422478,
                    -0.49641701579093933,
                    -0.9928340315818787
                ],
                [
                    -1.862645371275562e-09,
                    0.9985833764076233,
                    0.05320916697382927,
                    0.10641833394765854
                ],
                [
                    0.0,
                    0.0,
                    0.0,
                    1.0
                ]
            ]
        },
        {
            "file_path": "images_train/0003.png",
            "transform_matrix": [
                [
                    -0.9793515205383301,
                    -0.04565536975860596,
                    0.19694258272647858,
                    0.39388516545295715
                ],
                [
                    0.20216529071331024,
                    -0.22116880118846893,
                    0.95405113697052,
                    1.90810227394104
                ],
                [
                    -3.725290742551124e-09,
                    0.9741662740707397,
                    0.22583194077014923,
                    0.45166388154029846
                ],
                [
                    0.0,
                    0.0,
                    0.0,
                    1.0
                ]
            ]
        },
        {
            "file_path": "images_train/0004.png",
            "transform_matrix": [
                [
                    -0.2345181554555893,
                    0.14572465419769287,
                    -0.9611272215843201,
                    -1.9222544431686401
                ],
                [
                    -0.9721118211746216,
                    -0.03515550121665001,
                    0.23186816275119781,
                    0.46373632550239563
                ],
                [
                    0.0,
                    0.9887003898620605,
                    0.1499052494764328,
                    0.2998104989528656
                ],
                [
                    0.0,
                    0.0,
                    0.0,
                    1.0
                ]
            ]
        },
        {
            "file_path": "images_train/0005.png",
            "transform_matrix": [
                [
                    0.9426766633987427,
                    0.1349986493587494,
                    -0.3051820397377014,
                    -0.6103640794754028
                ],
                [
                    -0.3337075412273407,
                    0.38135212659835815,
                    -0.8620961904525757,
                    -1.7241923809051514
                ],
                [
                    -7.450580596923828e-09,
                    0.9145195484161377,
                    0.4045417904853821,
                    0.8090835809707642
                ],
                [
                    0.0,
                    0.0,
                    0.0,
                    1.0
                ]
            ]
        },
        {
            "file_path": "images_train/0006.png",
            "transform_matrix": [
                [
                    0.3962278366088867,
                    0.9128854274749756,
                    -0.09820228815078735,
                    -0.1964045763015747
                ],
                [
                    -0.9181522130966187,
                    0.39395496249198914,
                    -0.042379118502140045,
                    -0.08475823700428009
                ],
                [
                    -3.725290298461914e-09,
                    0.10695645213127136,
                    0.9942637085914612,
                    1.9885274171829224
                ],
                [
                    0.0,
                    0.0,
                    0.0,
                    1.0
                ]
            ]
        },
        {
            "file_path": "images_train/0007.png",
            "transform_matrix": [
                [
                    0.9737303853034973,
                    0.20140321552753448,
                    -0.10623544454574585,
                    -0.2124708592891693
                ],
                [
                    -0.227704256772995,
                    0.861259400844574,
                    -0.45429399609565735,
                    -0.9085878729820251
                ],
                [
                    0.0,
                    0.46655020117759705,
                    0.8844949007034302,
                    1.7689895629882812
                ],
                [
                    0.0,
                    0.0,
                    0.0,
                    1.0
                ]
            ]
        },
        {
            "file_path": "images_train/0008.png",
            "transform_matrix": [
                [
                    0.18674661219120026,
                    -0.8152548670768738,
                    0.5481653809547424,
                    1.0963307619094849
                ],
                [
                    0.9824081659317017,
                    0.15497232973575592,
                    -0.10420111566781998,
                    -0.20840223133563995
                ],
                [
                    0.0,
                    0.5579813122749329,
                    0.8298535346984863,
                    1.6597070693969727
                ],
                [
                    0.0,
                    0.0,
                    0.0,
                    1.0
                ]
            ]
        },
        {
            "file_path": "images_train/0009.png",
            "transform_matrix": [
                [
                    0.8038820624351501,
                    -0.5482123494148254,
                    0.23073118925094604,
                    0.4614623785018921
                ],
                [
                    0.5947887897491455,
                    0.7409319877624512,
                    -0.3118428587913513,
                    -0.6236857175827026
                ],
                [
                    -1.4901162970204496e-08,
                    0.38792112469673157,
                    0.9216925501823425,
                    1.843385100364685
                ],
                [
                    0.0,
                    0.0,
                    0.0,
                    1.0
                ]
            ]
        }
    ]
}